# Created by Octave 10.2.0, Sat Jan 03 15:04:39 2026 EST <ssmith@scott-bigcomputer>
# name: oKSOLUTION
# type: matrix
# rows: 36
# columns: 1
 0
 0
 0
 0
 0
 0
 0
 0
 -14
 13.92
 -2.1899999999999999
 -5.6699999999999999
 -12.56
 -21.600000000000001
 -2.9500000000000002
 -6.2999999999999998
 -3.52
 -7.5499999999999998
 -17.98
 12.346
 19.553000000000001
 21.721
 17.776
 24.983000000000001
 28.966000000000001
 35.273000000000003
 8.9299999999999997
 16.219999999999999
 8.9299999999999997
 16.219999999999999
 26.649999999999999
 34.32
 40.32
 26.649999999999999
 34.32
 40.219999999999999


# name: oKSOLID
# type: matrix
# rows: 3
# columns: 1
 -4.891
 23.199999999999999
 75.060000000000002


# name: oASOLUTION
# type: matrix
# rows: 36
# columns: 8
 1 0 0 0 0 0 0 0
 0 1 0 0 0 0 0 0
 0 0 1 0 0 0 0 0
 0 0 0 1 0 0 0 0
 0 0 0 0 1 0 0 0
 0 0 0 0 0 1 0 0
 0 0 0 0 0 0 1 0
 0 0 0 0 0 0 0 1
 -1 0 0 0 0 0 0 0
 0 1 1 0 0 0 0 0
 -1 0 1 0 0 0 0 0
 -2 0 1 0 0 0 0 0
 -3 0 1 0 0 0 0 0
 -4 0 1 0 0 0 0 0
 -2 0 2 0 0 0 0 0
 -4 0 3 0 0 0 0 0
 -1 1 1 0 0 0 0 0
 -2 1 1 0 0 0 0 0
 -3 1 1 0 0 0 0 0
 1 0 0 1 0 0 0 0
 2 0 0 1 0 0 0 0
 3 0 0 1 0 0 0 0
 1 0 1 1 0 0 0 0
 2 0 1 1 0 0 0 0
 1 1 1 1 0 0 0 0
 2 1 1 1 0 0 0 0
 1 0 0 0 0 0 1 0
 2 0 0 0 0 0 1 0
 1 0 0 0 0 0 0 1
 2 0 0 0 0 0 0 1
 0 0 0 1 0 0 0 1
 1 0 0 1 0 0 0 1
 2 0 0 1 0 0 0 1
 0 0 0 1 0 0 1 0
 1 0 0 1 0 0 1 0
 2 0 0 1 0 0 1 0


# name: oASOLID
# type: matrix
# rows: 3
# columns: 8
 -3 0 1 0 0 0 0 0
 0 0 1 1 0 0 0 0
 0 3 3 2 0 0 0 0


