# Created by Octave 10.2.0, Sat Jan 03 15:04:19 2026 EST <ssmith@scott-bigcomputer>
# name: Xguess
# type: matrix
# rows: 6
# columns: 1
 4.135973077969981e-06
 7.8063095786712073e-22
 3.0000000000000011e-05
 3.0000000000000011e-05
 2.478684700934779e-33
 3.3545638257798625e-34


