# Created by Octave 10.2.0, Sat Jan 03 15:04:39 2026 EST <ssmith@scott-bigcomputer>
# name: X
# type: matrix
# rows: 9
# columns: 1
 3.9767112944609664e-32
 2.6351850909975923e-06
 3.0000000000000011e-05
 3.0000000000000011e-05
 6.4535697160981708e-28
 6.4535697160360868e-28
 -0.29147593724478138
 -13.779664812506153
 -56.549805562257099


